 -6.50470576943483264e-06 -6.50447103967858331e-06 -6.50324522861938099e-06 -6.49965848184977167e-06 -6.49175500564592740e-06 -6.47703517517093316e-06 -6.45253494311716654e-06 -6.41495702535197168e-06 -6.36086372018802274e-06 -6.28692998699491986e-06 -6.19023768046702256e-06 -6.06857126792920686e-06 -5.92065973352990663e-06 -5.74630835541809659e-06 -5.54638376071857227e-06 -5.32265293097249295e-06 -5.07751800145560426e-06 -4.81371603554613636e-06 -4.53405505093042559e-06 -4.24123591513722790e-06 -3.93777645861893858e-06 -3.62602368724799996e-06 -3.30822142422672207e-06 -2.98659566525067407e-06 -2.66342496460213086e-06 -2.34107374393244654e-06 -2.02197955976480081e-06 -1.70860040449584168e-06 -1.40334580503247885e-06 -1.10853595511296067e-06 -8.26452594804403081e-07 -5.59551576169768912e-07 -3.10874807815286044e-07 -8.45917314699910780e-08 1.13609539358245999e-07 2.76828924563484789e-07 3.98607719978307521e-07 4.76053303914925810e-07 5.13018116438643283e-07 5.20046012672738489e-07 5.08414964997391187e-07 4.81533032473147243e-07 4.33733794157982767e-07 3.61239174691456704e-07 2.72954766879719998e-07 1.86607060791935417e-07 1.16362721683919086e-07 6.68591556820968221e-08 3.56423373747890578e-08 1.76693928687789334e-08 8.13581342807000775e-09 3.46932096568793409e-09 1.36551449663374255e-09 4.94458073315471470e-10 1.64216335924828444e-10 4.98835171397543691e-11 1.38261321537635593e-11 3.48952090286394038e-12 8.00682371037112622e-13 1.66840157299667144e-13 3.15522389487100210e-14 5.41547408409931379e-15 8.44047093216099935e-16 1.19602918666594306e-16 1.54372096189501055e-17 1.81949518302082329e-18 1.96469553550377922e-19 1.95127465712654024e-20 1.79080841341443727e-21 1.52696301196510286e-22 1.21704673062904178e-23 9.12935238731819706e-25 6.49346782415065130e-26 4.41520953157072826e-27 2.89512401242955945e-28 1.84790513800341890e-29 1.15951460775118647e-30 7.22692275068392152e-32 4.52263659796708346e-33 2.87360933348048777e-34 1.87510062229784759e-35 1.27127651888715009e-36 9.06135645576706579e-38 6.87115860015959872e-39 5.60902093129770056e-40 4.98718750662956042e-41 4.88590122142634478e-42 5.33388277882378150e-43 6.55972315210617460e-44 9.18358589147919542e-45 1.47821742084765594e-45 2.76132463237432928e-46 6.03824942360827567e-47 1.55796549258780234e-47 4.77690312280117001e-48 1.75141976734892712e-48 7.71978494359259069e-49 4.10856526031303344e-49 2.64916057749526138e-49 2.07415516776759340e-49
 -6.50447103967858331e-06 -6.50423634652175604e-06 -6.50301072649662514e-06 -6.49942453776929517e-06 -6.49152228635684076e-06 -6.47680471922523564e-06 -6.45230820349703665e-06 -6.41473586386837303e-06 -6.36065033449042740e-06 -6.28672675839413053e-06 -6.19004694803314066e-06 -6.06839505923844504e-06 -5.92049950636995012e-06 -5.74616481476594287e-06 -5.54625680138497314e-06 -5.32254172004866628e-06 -5.07742117137683534e-06 -4.81363192863618839e-06 -4.53398195196198419e-06 -4.24117222691910951e-06 -3.93772080354528316e-06 -3.62597494148549910e-06 -3.30817870395414691e-06 -2.98655828655638842e-06 -2.66339239446553982e-06 -2.34104555347554344e-06 -2.02195538537922821e-06 -1.70857991857232601e-06 -1.40332869582628168e-06 -1.10852191432114570e-06 -8.26441311211444807e-07 -5.59542733856752869e-07 -3.10868087691812491e-07 -8.45868151684273587e-08 1.13612963915392488e-07 2.76831156353009963e-07 3.98609037071535209e-07 4.76053955041441489e-07 5.13018312997586425e-07 5.20045923520267788e-07 5.08414716890338664e-07 4.81532716788788159e-07 4.33733475671076688e-07 3.61238896375300807e-07 2.72954550444657152e-07 1.86606908799085862e-07 1.16362624168907271e-07 6.68590980412868755e-08 3.56423058429112622e-08 1.76693768884762759e-08 8.13580593407664686e-09 3.46931772122483027e-09 1.36551320325855060e-09 4.94457599844544149e-10 1.64216177168836985e-10 4.98834684990710136e-11 1.38261185649512629e-11 3.48951744746695688e-12 8.00681572418053539e-13 1.66839989693805433e-13 3.15522070228512704e-14 5.41546856422650914e-15 8.44046226396355064e-16 1.19602794875749847e-16 1.54371935111959352e-17 1.81949326838542226e-18 1.96469344976744758e-19 1.95127256649099268e-20 1.79080647621093970e-21 1.52696134359639267e-22 1.21704538700547295e-23 9.12934219946985733e-25 6.49346049674413828e-26 4.41520449185006783e-27 2.89512066860254039e-28 1.84790297774794778e-29 1.15951323540643317e-30 7.22691408908390038e-32 4.52263110797567938e-33 2.87360580002278494e-34 1.87509828656415772e-35 1.27127491462547561e-36 9.06134487203961979e-38 6.87114970281644802e-39 5.60901357569593980e-40 4.98718088474099512e-41 4.88589465502217649e-42 5.33387552592866618e-43 6.55971413156593076e-44 9.18357312714578426e-45 1.47821534551161239e-45 2.76132071924961947e-46 6.03824079317279592e-47 1.55796324858477848e-47 4.77689619563156158e-48 1.75141721278180071e-48 7.71977362998426024e-49 4.10855921683284175e-49 2.64915667067560261e-49 2.07415210452546687e-49
 -6.50324522861938099e-06 -6.50301072649662514e-06 -6.50178610359211609e-06 -6.49820282762433621e-06 -6.49030696916137556e-06 -6.47560121591544373e-06 -6.45112409839135369e-06 -6.41358087568454415e-06 -6.35953593574581534e-06 -6.28566538155242251e-06 -6.18905080675569508e-06 -6.06747474305244352e-06 -5.91966263202380864e-06 -5.74541506993082780e-06 -5.54559364397159234e-06 -5.32196080735687516e-06 -5.07691536716268537e-06 -4.81319257960798014e-06 -4.53360010231220178e-06 -4.24083953574304532e-06 -3.93743007575217174e-06 -3.62572030685428063e-06 -3.30795554562631852e-06 -2.98636303179464581e-06 -2.66322225872575290e-06 -2.34089829626147956e-06 -2.02182910719400367e-06 -1.70847290801000135e-06 -1.40323932438102305e-06 -1.10844857148096347e-06 -8.26382371254083987e-07 -5.59496546488051349e-07 -3.10832986044308575e-07 -8.45611361429551822e-08 1.13630850565834531e-07 2.76842812443829190e-07 3.98615915212460861e-07 4.76057354563359522e-07 5.13019338217806639e-07 5.20045456510636071e-07 5.08413419793465365e-07 4.81531066920742390e-07 4.33731811372472533e-07 3.61237442094289282e-07 2.72953419554168057e-07 1.86606114642524770e-07 1.16362114663905612e-07 6.68587968771492346e-08 3.56421410948049743e-08 1.76692933947788179e-08 8.13576677968126875e-09 3.46930076969613016e-09 1.36550644570380761e-09 4.94455126084737838e-10 1.64215347712341770e-10 4.98832143652283587e-11 1.38260475673396397e-11 3.48949939404136536e-12 8.00677399875324021e-13 1.66839114005026338e-13 3.15520402203244843e-14 5.41543972467214975e-15 8.44041697548753768e-16 1.19602148110257835e-16 1.54371093537199693e-17 1.81948326508851780e-18 1.96468255254477011e-19 1.95126164368892800e-20 1.79079635505134318e-21 1.52695262701205867e-22 1.21703836710165656e-23 9.12928897207022334e-25 6.49342221406946238e-26 4.41517816143829205e-27 2.89510319855208371e-28 1.84789169136847215e-29 1.15950606552581711e-30 7.22686883622929422e-32 4.52260242536560132e-33 2.87358733941225287e-34 1.87508608350683218e-35 1.27126653316477471e-36 9.06128435300170677e-38 6.87110321884467884e-39 5.60897514658689621e-40 4.98714628895315657e-41 4.88586034916728330e-42 5.33383763359610621e-43 6.55966700434449334e-44 9.18350644081687641e-45 1.47820450308413378e-45 2.76130027546732658e-46 6.03819570425696284e-47 1.55795152500918741e-47 4.77686000533876838e-48 1.75140386671550403e-48 7.71971452326815468e-49 4.10852764334172008e-49 2.64913625993703959e-49 2.07413610096560413e-49
 -6.49965848184977167e-06 -6.49942453776929517e-06 -6.49820282762433621e-06 -6.49462806036813002e-06 -6.48675087712638905e-06 -6.47207963568538282e-06 -6.44765918831627266e-06 -6.41020103366150212e-06 -6.35627469107940957e-06 -6.28255908030691434e-06 -6.18613517198397165e-06 -6.06478077017959921e-06 -5.91721264490003729e-06 -5.74321991773579937e-06 -5.54365181024983180e-06 -5.32025965217403338e-06 -5.07543406266277007e-06 -4.81190583955244266e-06 -4.53248173628086007e-06 -4.23986513797320095e-06 -3.93657858436313569e-06 -3.62497453281250192e-06 -3.30730196692365831e-06 -2.98579118297157416e-06 -2.66272398258173620e-06 -2.34046702934367516e-06 -2.02145928523556584e-06 -1.70815951802576221e-06 -1.40297759645501360e-06 -1.10823378854048812e-06 -8.26209771720297020e-07 -5.59361296790229002e-07 -3.10730204010647498e-07 -8.44859505685658203e-08 1.13683214724936902e-07 2.76876929836728691e-07 3.98636040635318766e-07 4.76067293835880039e-07 5.13022325911970186e-07 5.20044076165737566e-07 5.08409610686670340e-07 4.81526226880365619e-07 4.33726931087979027e-07 3.61233178613827413e-07 2.72950104576847039e-07 1.86603786908678853e-07 1.16360621333563223e-07 6.68579142074941485e-08 3.56416582507832873e-08 1.76690486948396518e-08 8.13565202885495732e-09 3.46925108984921313e-09 1.36548664148514006e-09 4.94447876336530029e-10 1.64212916870986570e-10 4.98824695931834087e-11 1.38258395006149277e-11 3.48944648661370085e-12 8.00665171858962672e-13 1.66836547729905451e-13 3.15515513943723928e-14 5.41535520878714980e-15 8.44028425571689094e-16 1.19600252745442844e-16 1.54368627289678134e-17 1.81945395041714615e-18 1.96465061838250675e-19 1.95122963473232392e-20 1.79076669544379352e-21 1.52692708359107753e-22 1.21701779581714323e-23 9.12913299421010561e-25 6.49331003098427557e-26 4.41510100359106597e-27 2.89505200515943128e-28 1.84785861851523383e-29 1.15948505551969887e-30 7.22673623197491136e-32 4.52251837736883320e-33 2.87353324505271540e-34 1.87505032562236619e-35 1.27124197362910473e-36 9.06110701991682220e-38 6.87096701218163559e-39 5.60886254283067500e-40 4.98704491805196171e-41 4.88575982836669233e-42 5.33372660451419870e-43 6.55952891661848302e-44 9.18331104376115433e-45 1.47817273391663732e-45 2.76124037381367414e-46 6.03806359119190643e-47 1.55791717438356775e-47 4.77675396638786383e-48 1.75136476232230365e-48 7.71954133907691097e-49 4.10843513234568989e-49 2.64907645610519761e-49 2.07408921027431596e-49
 -6.49175500564592740e-06 -6.49152228635684076e-06 -6.49030696916137556e-06 -6.48675087712638905e-06 -6.47891468411647490e-06 -6.46431919695042502e-06 -6.44002315425460041e-06 -6.40275177336976905e-06 -6.34908587935803578e-06 -6.27571064018351261e-06 -6.17970574379137830e-06 -6.05883870600246225e-06 -5.91180732989233364e-06 -5.73837556776386529e-06 -5.53936545021693497e-06 -5.31650378196305433e-06 -5.07216306692189962e-06 -4.80906417650802654e-06 -4.53001177162403148e-06 -4.23771309306100168e-06 -3.93469800233553426e-06 -3.62332747078285497e-06 -3.30585856047073899e-06 -2.98452831031097329e-06 -2.66162361868830191e-06 -2.33951467080829799e-06 -2.02064263783898926e-06 -1.70746750718513635e-06 -1.40239968584585656e-06 -1.10775955929985787e-06 -8.25828706913532599e-07 -5.59062720351808092e-07 -3.10503332215580100e-07 -8.43200235450908949e-08 1.13798744773139695e-07 2.76952168274097352e-07 3.98680386363280352e-07 4.76089153897888668e-07 5.13028845251125074e-07 5.20040961268132973e-07 5.08401144465010812e-07 4.81515495763054239e-07 4.33716121758729292e-07 3.61223740514752843e-07 2.72942768439108911e-07 1.86598636496624038e-07 1.16357317505646415e-07 6.68559615327468025e-08 3.56405901351889627e-08 1.76685074044478587e-08 8.13539820019249743e-09 3.46914120046665006e-09 1.36544283630561516e-09 4.94431840776909274e-10 1.64207540216754791e-10 4.98808222891945522e-11 1.38253792988201809e-11 3.48932946721259914e-12 8.00638126489510387e-13 1.66830871815333747e-13 3.15504702527278219e-14 5.41516828597226111e-15 8.43999072395527578e-16 1.19596060876903038e-16 1.54363172893302872e-17 1.81938911831918691e-18 1.96457999388081806e-19 1.95115884569279392e-20 1.79070110291917097e-21 1.52687059480126614e-22 1.21697230343150546e-23 9.12878806165081612e-25 6.49306195061463025e-26 4.41493038011548477e-27 2.89493880001870144e-28 1.84778548484482088e-29 1.15943859700808916e-30 7.22644301443883345e-32 4.52233253137402060e-33 2.87341363403253858e-34 1.87497126059163348e-35 1.27118767032359795e-36 9.06071492657011497e-38 6.87066585600305302e-39 5.60861357674853918e-40 4.98682079078895839e-41 4.88553758356344508e-42 5.33348112968223072e-43 6.55922362131225569e-44 9.18287904927885921e-45 1.47810249763875515e-45 2.76110794261952533e-46 6.03777151680971790e-47 1.55784123291897780e-47 4.77651953984327864e-48 1.75127831244057310e-48 7.71915847462418462e-49 4.10823061574029053e-49 2.64894424646331934e-49 2.07398554814195445e-49
 -6.47703517517093316e-06 -6.47680471922523564e-06 -6.47560121591544373e-06 -6.47207963568538282e-06 -6.46431919695042502e-06 -6.44986372740173343e-06 -6.42579766798443150e-06 -6.38887167501521588e-06 -6.33568762310902400e-06 -6.26294246671041785e-06 -6.16771383220231597e-06 -6.04775054517834744e-06 -5.90171560035780071e-06 -5.72932649865889139e-06 -5.53135484207164414e-06 -5.30948171149675178e-06 -5.06604560814006677e-06 -4.80374854217626710e-06 -4.52539090916589211e-06 -4.23368684701229135e-06 -3.93117968090166544e-06 -3.62024616427705160e-06 -3.30315839695650163e-06 -2.98216600259729643e-06 -2.65956541029445916e-06 -2.33773339993303496e-06 -2.01911528466264852e-06 -1.70617334138185180e-06 -1.40131898936002647e-06 -1.10687283662273341e-06 -8.25116279890407726e-07 -5.58504612635288084e-07 -3.10079364861891656e-07 -8.40100608793379783e-08 1.14014442779148504e-07 2.77092514489824028e-07 3.98762971797087368e-07 4.76129712963281208e-07 5.13040749451011809e-07 5.20034888717157308e-07 5.08385107476767688e-07 4.81495265770425216e-07 4.33695784864191114e-07 3.61206002169148396e-07 2.72928988909125205e-07 1.86588965856811158e-07 1.16351115415839153e-07 6.68522963812526633e-08 3.56385854770293640e-08 1.76674915698403561e-08 8.13492186738276758e-09 3.46893499168079960e-09 1.36536063822354887e-09 4.94401751798237617e-10 1.64197451772279312e-10 4.98777314543624090e-11 1.38245158410611969e-11 3.48910991293776253e-12 8.00587384387857175e-13 1.66820222958729581e-13 3.15484419103084067e-14 5.41481760485267030e-15 8.43944004771896562e-16 1.19588196944698169e-16 1.54352940685721067e-17 1.81926749890551683e-18 1.96444751152642864e-19 1.95102605791701542e-20 1.79057806598834149e-21 1.52676463719943960e-22 1.21688697437765223e-23 9.12814109713196617e-25 6.49259665769534270e-26 4.41461037247425105e-27 2.89472648778314207e-28 1.84764832929487561e-29 1.15935147089774686e-30 7.22589314457699979e-32 4.52198402550052244e-33 2.87318934138418246e-34 1.87482300355280921e-35 1.27108584769175019e-36 9.05997974451400053e-38 6.87010119884842074e-39 5.60814678712650817e-40 4.98640058307431113e-41 4.88512091598242508e-42 5.33302092151125354e-43 6.55865127710816578e-44 9.18206919705937174e-45 1.47797082966887174e-45 2.76085968606126831e-46 6.03722400127988899e-47 1.55769887708030729e-47 4.77608010217585755e-48 1.75111626209892251e-48 7.71844080172077438e-49 4.10784725559391121e-49 2.64869642475549915e-49 2.07379123814525851e-49
 -6.45253494311716654e-06 -6.45230820349703665e-06 -6.45112409839135369e-06 -6.44765918831627266e-06 -6.44002315425460041e-06 -6.42579766798443150e-06 -6.40210948920936631e-06 -6.36575129246935623e-06 -6.31335996147799711e-06 -6.24165248707983710e-06 -6.14770399295876051e-06 -6.02923354179549886e-06 -5.88484767859207721e-06 -5.71418782553067424e-06 -5.51794228625943053e-06 -5.29771592631622162e-06 -5.05578990865735535e-06 -4.79483377857652678e-06 -4.51763976596617734e-06 -4.22693265911599960e-06 -3.92527768291438442e-06 -3.61507763476769337e-06 -3.29862961555499295e-06 -2.97820427072424764e-06 -2.65611400243158027e-06 -2.33474667073863513e-06 -2.01655456273680179e-06 -1.70400381847794998e-06 -1.39950757072655716e-06 -1.10538680903982129e-06 -8.23922626226677007e-07 -5.57569814168367223e-07 -3.09369559585129895e-07 -8.34914554140170115e-08 1.14374981376795182e-07 2.77326733276393061e-07 3.98900399933545157e-07 4.76196762371168245e-07 5.13059863341987536e-07 5.20023985645296775e-07 5.08357626859366698e-07 4.81460880880930187e-07 4.33661335898557967e-07 3.61176009255949465e-07 2.72905713937103453e-07 1.86572641172177983e-07 1.16340649729413390e-07 6.68461130815552453e-08 3.56352040532148052e-08 1.76657782775790723e-08 8.13411856434835678e-09 3.46858726002524773e-09 1.36522203529088720e-09 4.94351018176826048e-10 1.64180442207800053e-10 4.98725203786563676e-11 1.38230601250752463e-11 3.48873977612353605e-12 8.00501843425882349e-13 1.66802271733069539e-13 3.15450227633640518e-14 5.41422648713578200e-15 8.43851184545630889e-16 1.19574942234420570e-16 1.54335694882072747e-17 1.81906252432971565e-18 1.96422423787248816e-19 1.95080227896362168e-20 1.79037072856953866e-21 1.52658608929641635e-22 1.21674319406937088e-23 9.12705100740982540e-25 6.49181271009984169e-26 4.41407123525952837e-27 2.89436880997861850e-28 1.84741727818169961e-29 1.15920470657284148e-30 7.22496693459670135e-32 4.52139702703971554e-33 2.87281157851405054e-34 1.87457331590009302e-35 1.27091437150340632e-36 9.05874171070922848e-38 6.86915037298147258e-39 5.60736079817316060e-40 4.98569306258441268e-41 4.88441938764839487e-42 5.33224611869288478e-43 6.55768772218952547e-44 9.18070584402785255e-45 1.47774917994098118e-45 2.76044178494141000e-46 6.03630237192104574e-47 1.55745925679298856e-47 4.77534043647891386e-48 1.75084350280273760e-48 7.71723285121580838e-49 4.10720201134372073e-49 2.64827931268269981e-49 2.07346419394039288e-49
 -6.41495702535197168e-06 -6.41473586386837303e-06 -6.41358087568454415e-06 -6.41020103366150212e-06 -6.40275177336976905e-06 -6.38887167501521588e-06 -6.36575129246935623e-06 -6.33024695493543761e-06 -6.27904915048930820e-06 -6.20890656759582475e-06 -6.11689268240866477e-06 -6.00068412029615913e-06 -5.85880443591864346e-06 -5.69078140258607807e-06 -5.49717719344459682e-06 -5.27947960723563043e-06 -5.03988013595761507e-06 -4.78099595971930705e-06 -4.50560418092613908e-06 -4.21644386941422090e-06 -3.91611255743072154e-06 -3.60705240826468964e-06 -3.29159877854376040e-06 -2.97205472922651089e-06 -2.65075742560187634e-06 -2.33011197527846406e-06 -2.01258155806282806e-06 -1.70063836870805572e-06 -1.39669823915625489e-06 -1.10308277197589159e-06 -8.22072594348244932e-07 -5.56121715968003394e-07 -3.08270782061609442e-07 -8.26894823829625825e-08 1.14931648585789716e-07 2.77687445359079861e-07 3.99111062305885428e-07 4.76298432846606863e-07 5.13087424647455914e-07 5.20005278212341716e-07 5.08313517626540507e-07 4.81406370925832828e-07 4.33607012138178857e-07 3.61128845786433984e-07 2.72869173800422840e-07 1.86547037076036862e-07 1.16324244554933478e-07 6.68364241939406803e-08 3.56299068779233308e-08 1.76630948119968100e-08 8.13286056153976196e-09 3.46804276216311312e-09 1.36500502375523596e-09 4.94271590650391995e-10 1.64153814260210407e-10 4.98643631166842955e-11 1.38207815236290112e-11 3.48816044075070773e-12 8.00367962511697645e-13 1.66774177598133932e-13 3.15396719942937522e-14 5.41330147191162489e-15 8.43705942167985009e-16 1.19554202843872897e-16 1.54308712312801850e-17 1.81874184350647361e-18 1.96387495074432490e-19 1.95045222466476256e-20 1.79004641589613839e-21 1.52630682844589665e-22 1.21651832855924447e-23 9.12534628781940426e-25 6.49058684064577464e-26 4.41322824550767350e-27 2.89380959321335311e-28 1.84705606715921494e-29 1.15897528311450368e-30 7.22351919332369548e-32 4.52047957669828468e-33 2.87222120202856502e-34 1.87418313028835133e-35 1.27064642827396044e-36 9.05680735298438012e-38 6.86766487761444807e-39 5.60613292461737162e-40 4.98458785426411480e-41 4.88332361752897489e-42 5.33103597791589416e-43 6.55618287239540319e-44 9.17857673133498598e-45 1.47740305493746495e-45 2.75978923056871495e-46 6.03486331177124576e-47 1.55708512216553360e-47 4.77418559125992304e-48 1.75041765515964005e-48 7.71534697711797582e-49 4.10619466428891844e-49 2.64762813161556370e-49 2.07295362765782120e-49
 -6.36086372018802274e-06 -6.36065033449042740e-06 -6.35953593574581534e-06 -6.35627469107940957e-06 -6.34908587935803578e-06 -6.33568762310902400e-06 -6.31335996147799711e-06 -6.27904915048930820e-06 -6.22952256136216866e-06 -6.16157640767830746e-06 -6.07228624832032622e-06 -5.95927426861830874e-06 -5.82095212485647082e-06 -5.65669055974321438e-06 -5.46687391214096019e-06 -5.25282142628206063e-06 -5.01659209830224708e-06 -4.76072237199593451e-06 -4.48796200239508504e-06 -4.20106612587338853e-06 -3.90267591168501449e-06 -3.59528884143440485e-06 -3.28129507601499985e-06 -2.96304467107743172e-06 -2.64291099005018245e-06 -2.32332450931614374e-06 -2.00676451322619794e-06 -1.69571219459853857e-06 -1.39258742694406008e-06 -1.09971275720202904e-06 -8.19368144325301417e-07 -5.54006444524980738e-07 -3.06667491005297433e-07 -8.15210942462036019e-08 1.15740737130646537e-07 2.78209697662098669e-07 3.99413888278730667e-07 4.76442120542164042e-07 5.13123182632912898e-07 5.19973955687325908e-07 5.08245701122131389e-07 4.81324009021826883e-07 4.33525549646738658e-07 3.61058408719324811e-07 2.72814731110652071e-07 1.86508941754492444e-07 1.16299856603423528e-07 6.68220284295591637e-08 3.56220392204886340e-08 1.76591102605405631e-08 8.13099300654045050e-09 3.46723457094555193e-09 1.36468296159794962e-09 4.94153728020368781e-10 1.64114305110781133e-10 4.98522609258983375e-11 1.38174012588003693e-11 3.48730107673023900e-12 8.00169384288315329e-13 1.66732510351880106e-13 3.15317367312881157e-14 5.41192977123058949e-15 8.43490580585668697e-16 1.19523453623982638e-16 1.54268710166393840e-17 1.81826647170848929e-18 1.96335722242371809e-19 1.94993341011656342e-20 1.78956580177089025e-21 1.52589302215758740e-22 1.21618516084254101e-23 9.12282080298890562e-25 6.48877096285341347e-26 4.41197967163704130e-27 2.89298142070525159e-28 1.84652119548803482e-29 1.15863560006248376e-30 7.22137593686135463e-32 4.51912153606949774e-33 2.87134741346856657e-34 1.87360570475934856e-35 1.27024995355821524e-36 9.05394542786141872e-38 6.86546730836064838e-39 5.60431667314801427e-40 4.98295322580788967e-41 4.88170311880073604e-42 5.32924652011396353e-43 6.55395783521613149e-44 9.17542895566087869e-45 1.47689137100781964e-45 2.75882461989129783e-46 6.03273623122446319e-47 1.55653214681492108e-47 4.77247880971750355e-48 1.74978831093770221e-48 7.71256002043542905e-49 4.10470604396500989e-49 2.64666585984582330e-49 2.07219915556971752e-49
 -6.28692998699491986e-06 -6.28672675839413053e-06 -6.28566538155242251e-06 -6.28255908030691434e-06 -6.27571064018351261e-06 -6.26294246671041785e-06 -6.24165248707983710e-06 -6.20890656759582475e-06 -6.16157640767830746e-06 -6.09652638102315859e-06 -6.01084284646439588e-06 -5.90208576693374882e-06 -5.76852808008308813e-06 -5.60933867963075837e-06 -5.42466664912633111e-06 -5.21560166412333793e-06 -4.98401584138372649e-06 -4.73232539612443316e-06 -4.46323200589904230e-06 -4.17950386536399664e-06 -3.88383591208920763e-06 -3.57879833118557552e-06 -3.26685547164548479e-06 -2.95042215141762805e-06 -2.63192223035546597e-06 -2.31382189717321856e-06 -1.99862327742381237e-06 -1.68882042081385466e-06 -1.38683903701119634e-06 -1.09500308991713507e-06 -8.15591631921825321e-07 -5.51055889686607742e-07 -3.04434522488506743e-07 -7.98974683002366856e-08 1.16861232147284310e-07 2.78928888799490854e-07 3.99826512283384720e-07 4.76632898872255555e-07 5.13164053923627128e-07 5.19922264295598372e-07 5.08144324300706872e-07 4.81203636430404547e-07 4.33407687123594854e-07 3.60957059605410919e-07 2.72736647827189247e-07 1.86454409007748827e-07 1.16264986363202306e-07 6.68014604381805245e-08 3.56108039964172201e-08 1.76534223495939312e-08 8.12832786795600777e-09 3.46608149435826566e-09 1.36422355309370529e-09 4.93985629605657607e-10 1.64057964366050777e-10 4.98350052163022158e-11 1.38125821373159993e-11 3.48607605050271394e-12 7.99886341308445102e-13 1.66673126468600408e-13 3.15204286776682529e-14 5.40997526190076239e-15 8.43183751050205437e-16 1.19479649811142888e-16 1.54211732047344930e-17 1.81758944906430482e-18 1.96261997280336795e-19 1.94919471454493834e-20 1.78888159324788743e-21 1.52530400819974430e-22 1.21571099963608291e-23 9.11922711251006648e-25 6.48618743185412481e-26 4.41020355695523910e-27 2.89180352717343227e-28 1.84576058503939082e-29 1.15815263770214277e-30 7.21832916603138927e-32 4.51719132650678325e-33 2.87010569191308398e-34 1.87278527682559143e-35 1.26968672159228774e-36 9.04988044717950262e-38 6.86234646029854851e-39 5.60173775459411871e-40 4.98063255043678574e-41 4.87940284167789305e-42 5.32670676509026024e-43 6.55080028953857142e-44 9.17096251499269744e-45 1.47616541763841053e-45 2.75745622266122121e-46 6.02971904911237910e-47 1.55574784111102987e-47 4.77005820249672240e-48 1.74889581469188912e-48 7.70860794451675958e-49 4.10259517532219246e-49 2.64530139416338461e-49 2.07112935915952813e-49
 -6.19023768046702256e-06 -6.19004694803314066e-06 -6.18905080675569508e-06 -6.18613517198397165e-06 -6.17970574379137830e-06 -6.16771383220231597e-06 -6.14770399295876136e-06 -6.11689268240866477e-06 -6.07228624832032622e-06 -6.01084284646439588e-06 -5.92967554055851992e-06 -5.82628291976005367e-06 -5.69878065572903807e-06 -5.54609634962499292e-06 -5.36808651704862606e-06 -5.16554407486796009e-06 -4.94008848413216221e-06 -4.69396248014963316e-06 -4.42978619592684752e-06 -4.15032867734747117e-06 -3.85834399834512581e-06 -3.55649154214475304e-06 -3.24733088404696504e-06 -2.93336218313054121e-06 -2.61707702482860107e-06 -2.30099011919387771e-06 -1.98763495405722956e-06 -1.67952341397952127e-06 -1.37908942056877141e-06 -1.08865903099489852e-06 -8.10510131384738480e-07 -5.47091724176252486e-07 -3.01440817100358717e-07 -7.77274447909192655e-08 1.18351666106781784e-07 2.79877926161867450e-07 4.00362744044355430e-07 4.76871311077570059e-07 5.13202241493890716e-07 5.19837948939035121e-07 5.07995510797260723e-07 4.81031698928997605e-07 4.33241453408112025e-07 3.60815121663627240e-07 2.72627747490030378e-07 1.86378543158996066e-07 1.16216548720863898e-07 6.67729175913204917e-08 3.55952229408369228e-08 1.76455382265895220e-08 8.12463509095783671e-09 3.46448430491543863e-09 1.36358736497755734e-09 4.93752898033030130e-10 1.63979975676420617e-10 4.98111233758692378e-11 1.38059135390006370e-11 3.48438113752417685e-12 7.99494787300899380e-13 1.66590988157942094e-13 3.15047899102394498e-14 5.40727261866346879e-15 8.42759539317370255e-16 1.19419097633761785e-16 1.54132981100777359e-17 1.81665387541510658e-18 1.96160134944012241e-19 1.94817427800656627e-20 1.78793660243649336e-21 1.52449065243494187e-22 1.21505637215940702e-23 9.11426667826684229e-25 6.48262208892921754e-26 4.40775299731982168e-27 2.89017870712489517e-28 1.84471161010276723e-29 1.15748672289644001e-30 7.21412918755257227e-32 4.51453113231732047e-33 2.86839475178989129e-34 1.87165508211323843e-35 1.26891100455820444e-36 9.04428314025939782e-38 6.85805010969294359e-39 5.59818820312941414e-40 4.97743908830450435e-41 4.87623807070360642e-42 5.32321317153487650e-43 6.54645766050127165e-44 9.16482077046159257e-45 1.47516732476560248e-45 2.75557512292748961e-46 6.02557195117718017e-47 1.55466994392363620e-47 4.76673182247734057e-48 1.74766945982270957e-48 7.70317789051924225e-49 4.09969505334247727e-49 2.64342682663496968e-49 2.06965965353442747e-49
 -6.06857126792920686e-06 -6.06839505923844504e-06 -6.06747474305244352e-06 -6.06478077017959921e-06 -6.05883870600246225e-06 -6.04775054517834744e-06 -6.02923354179549886e-06 -6.00068412029615913e-06 -5.95927426861830874e-06 -5.90208576693374882e-06 -5.82628291976005367e-06 -5.72931662295112047e-06 -5.60914193330520860e-06 -5.46441982162384945e-06 -5.29466576221612596e-06 -5.10030909640664704e-06 -4.88264217329510124e-06 -4.64366577599894846e-06 -4.38586773880532449e-06 -4.11199077257182491e-06 -3.82484338663610209e-06 -3.52718589344638197e-06 -3.22169351112020697e-06 -2.91097412157479549e-06 -2.59760697782140186e-06 -2.28417074881822182e-06 -1.97324086674955451e-06 -1.66735339938500459e-06 -1.36895361144910863e-06 -1.08037062662515820e-06 -8.03880913044712274e-07 -5.41930524252194456e-07 -2.97554193241632219e-07 -7.49219532931187978e-08 1.20266048058901786e-07 2.81083526092037705e-07 4.01029257526554104e-07 4.77150463753363114e-07 5.13222742315335999e-07 5.19702174729298358e-07 5.07779683641601649e-07 4.80789943840068071e-07 4.33011197922709662e-07 3.60620191674246075e-07 2.72478951172160051e-07 1.86275202738303520e-07 1.16150694440313502e-07 6.67341588692031988e-08 3.55740829638511168e-08 1.76348478999056930e-08 8.11963037114481074e-09 3.46232052643854304e-09 1.36272577459686030e-09 4.93437796285237361e-10 1.63874410008926363e-10 4.97788038313068629e-11 1.37968906493550465e-11 3.48208828200489215e-12 7.98965195110183235e-13 1.66479912974423814e-13 3.14836455456429354e-14 5.40361919394152397e-15 8.42186200726963110e-16 1.19337275180886895e-16 1.54026588964648832e-17 1.81539018913820300e-18 1.96022579163994461e-19 1.94679658813216137e-20 1.78666107539309527e-21 1.52339307360230898e-22 1.21417321269384008e-23 9.10757629223596818e-25 6.47781461985248753e-26 4.40444959382391887e-27 2.88798902750464743e-28 1.84329836472652520e-29 1.15658981693657294e-30 7.20847395898912957e-32 4.51095024328647974e-33 2.86609231966549950e-34 1.87013460317190823e-35 1.26786771047971134e-36 9.03675720391187606e-38 6.85227498390308884e-39 5.59341820267811203e-40 4.97314873151901717e-41 4.87198732917025762e-42 5.31852190375070206e-43 6.54062762434138665e-44 9.15657717389485712e-45 1.47382792957483114e-45 2.75305123975831602e-46 6.02000869974186236e-47 1.55322418301051706e-47 4.76227080502379906e-48 1.74602497575424291e-48 7.69589710980012123e-49 4.09580675612309828e-49 2.64091365031915144e-49 2.06768931737168387e-49
 -5.92065973352990663e-06 -5.92049950636995012e-06 -5.91966263202380864e-06 -5.91721264490003729e-06 -5.91180732989233364e-06 -5.90171560035780071e-06 -5.88484767859207721e-06 -5.85880443591864346e-06 -5.82095212485647082e-06 -5.76852808008308813e-06 -5.69878065572903807e-06 -5.60914193330520860e-06 -5.49742397413079122e-06 -5.36201893199606059e-06 -5.20207254907558666e-06 -5.01759445198971599e-06 -4.80947360167896184e-06 -4.57938680896062784e-06 -4.32961825743912609e-06 -4.06283576312316591e-06 -3.78188047163698714e-06 -3.48961477014910407e-06 -3.18884545440703977e-06 -2.88231028486334125e-06 -2.57269809347930431e-06 -2.26266954090957574e-06 -1.95485490056563166e-06 -1.65182243880403531e-06 -1.35603288053904040e-06 -1.06981982236905418e-06 -7.95458123811549756e-07 -5.35390030617152899e-07 -2.92647198329546761e-07 -7.13994543664570872e-08 1.22648842022613779e-07 2.82561631017586096e-07 4.01821469283447257e-07 4.77452387569861592e-07 5.13200205443331028e-07 5.19486887029665991e-07 5.07469417732311367e-07 4.80453738309477038e-07 4.32696329915893207e-07 3.60356239586763646e-07 2.72278667454361690e-07 1.86136609801414167e-07 1.16062574411248275e-07 6.66823712319247648e-08 3.55458652316330306e-08 1.76205891204896236e-08 8.11295898722792909e-09 3.45943753977190991e-09 1.36157825623820537e-09 4.93018265051623044e-10 1.63733899301553521e-10 4.97357969212739040e-11 1.37848869879480885e-11 3.47903866467172849e-12 7.98260966445935889e-13 1.66332242552161837e-13 3.14555411154262986e-14 5.39876427382328637e-15 8.41424486489732713e-16 1.19228595367921964e-16 1.53885310021365740e-17 1.81371256598073276e-18 1.95840014488143067e-19 1.94496862429808519e-20 1.78496915655599729e-21 1.52193763155784210e-22 1.21300246456074754e-23 9.09871010796548232e-25 6.47144578907375206e-26 4.40007478324789864e-27 2.88509015015537708e-28 1.84142804365369909e-29 1.15540324780142273e-30 7.20099497476632231e-32 4.50621623510909478e-33 2.86304953892053513e-34 1.86812592404308386e-35 1.26648991559785695e-36 9.02682174189672854e-38 6.84465346679237241e-39 5.58712525186246007e-40 4.96749038576842028e-41 4.86638297104875891e-42 5.31233857696743000e-43 6.53294551606793488e-44 9.14571766432737967e-45 1.47206394692805515e-45 2.74972804847588234e-46 6.01268510447424426e-47 1.55132130355766096e-47 4.75640026603188829e-48 1.74386119356851848e-48 7.68631827714437811e-49 4.09069163262092694e-49 2.63760772391252528e-49 2.06509755133490839e-49
 -5.74630835541809659e-06 -5.74616481476594287e-06 -5.74541506993082780e-06 -5.74321991773579937e-06 -5.73837556776386529e-06 -5.72932649865889139e-06 -5.71418782553067424e-06 -5.69078140258607807e-06 -5.65669055974321438e-06 -5.60933867963075837e-06 -5.54609634962499292e-06 -5.46441982162384945e-06 -5.36201893199606059e-06 -5.23704459637617029e-06 -5.08827488437164926e-06 -4.91526757532070953e-06 -4.71844224472413179e-06 -4.49906339033489842e-06 -4.25912017621969656e-06 -4.00113047090380395e-06 -3.72792116326228346e-06 -3.44243937240817581e-06 -3.14762894458581107e-06 -2.84637584297884250e-06 -2.54150069071038991e-06 -2.23576631427751958e-06 -1.93187317406793498e-06 -1.63243173378556213e-06 -1.33992357378566492e-06 -1.05668879654356052e-06 -7.85000613343017958e-07 -5.27296480553042800e-07 -2.86603960383165045e-07 -6.70923156599261293e-08 1.25529072529898314e-07 2.84312012615884831e-07 4.02718661136716844e-07 4.77743702477134212e-07 5.13095159069448996e-07 5.19151611287368905e-07 5.07026809997421873e-07 4.79989988794022510e-07 4.32269744064836948e-07 3.60002475406655091e-07 2.72012020416367867e-07 1.85952853789812610e-07 1.15946039723330661e-07 6.66139994884941311e-08 3.55086548535991725e-08 1.76018026572993083e-08 8.10417521119773808e-09 3.45564380259226352e-09 1.36006892514089503e-09 4.92466671279030927e-10 1.63549220846759883e-10 4.96792886536476513e-11 1.37691194219572754e-11 3.47503387420588379e-12 7.97336406613788176e-13 1.66138420720153588e-13 3.14186628095839606e-14 5.39239539491617708e-15 8.40425512110213917e-16 1.19086104058227963e-16 1.53700132006836124e-17 1.81151433272520877e-18 1.95600871225572413e-19 1.94257494694272798e-20 1.78275438593104660e-21 1.52003309155824249e-22 1.21147102604242438e-23 9.08711675612085907e-25 6.46312118131529111e-26 4.39435879658839639e-27 2.88130410092616598e-28 1.83898633308419197e-29 1.15385482195611113e-30 7.19123929050370344e-32 4.50004373669300474e-33 2.85908384346268667e-34 1.86550908736982157e-35 1.26469572154796667e-36 9.01388889934249312e-38 6.83473666632321532e-39 5.57894036409705404e-40 4.96013371997915132e-41 4.85909919845782837e-42 5.30430519648192100e-43 6.52296829122092043e-44 9.13161824722388966e-45 1.46977436545213359e-45 2.74541585728969321e-46 6.00318433799418479e-47 1.54885328352368906e-47 4.74878770903062391e-48 1.74105579911129128e-48 7.67390078458974860e-49 4.08406135236267372e-49 2.63332285833132923e-49 2.06173845776476116e-49
 -5.54638376071857227e-06 -5.54625680138497314e-06 -5.54559364397159234e-06 -5.54365181024983180e-06 -5.53936545021693497e-06 -5.53135484207164414e-06 -5.51794228625943053e-06 -5.49717719344459682e-06 -5.46687391214096189e-06 -5.42466664912633111e-06 -5.36808651704862606e-06 -5.29466576221612596e-06 -5.20207254907558666e-06 -5.08827488437164926e-06 -4.95172323903046997e-06 -4.79152884769514122e-06 -4.60760272020182705e-06 -4.40071687908631265e-06 -4.17246187500159512e-06 -3.92510355280475423e-06 -3.66137568956764422e-06 -3.38426495575407444e-06 -3.09683881694836977e-06 -2.80214006713785758e-06 -2.50314042915111600e-06 -2.20272593946645667e-06 -1.90368485286701698e-06 -1.60868207321317133e-06 -1.32022705228520506e-06 -1.04066932149267951e-06 -7.72280699389396688e-07 -5.17492790218965342e-07 -2.79327809579783352e-07 -6.19538912100761105e-08 1.28913779175258612e-07 2.86312262999229231e-07 4.03678520142023606e-07 4.77970724841114110e-07 5.12849705790098759e-07 5.18639755315998243e-07 5.06400398898275896e-07 4.79354670773884466e-07 4.31695928036430232e-07 3.59531973538008648e-07 2.71659905709036998e-07 1.85711282294804925e-07 1.15793272586131319e-07 6.65245367699030993e-08 3.54600296366289380e-08 1.75772772083784808e-08 8.09271694908580496e-09 3.45069803620464393e-09 1.35810228156733698e-09 4.91748267140006002e-10 1.63308785526905228e-10 4.96057452647477789e-11 1.37486050895984045e-11 3.46982503762014711e-12 7.96134231120991006e-13 1.65886474121634025e-13 3.13707392924318759e-14 5.38412150038280357e-15 8.39128133521050507e-16 1.18901108481811911e-16 1.53459796731962035e-17 1.80866232241047945e-18 1.95290716417563481e-19 1.93947165421519663e-20 1.77988415800037425e-21 1.51756590437263783e-22 1.20948799254372437e-23 9.07211118857531060e-25 6.45235119942265497e-26 4.38696707611003044e-27 2.87641037508242464e-28 1.83583174138232794e-29 1.15185527219990795e-30 7.17864741690887386e-32 4.49208061762772861e-33 2.85397019551893072e-34 1.86213638620278142e-35 1.26238439178253630e-36 8.99723637059663539e-38 6.82197360294858742e-39 5.56841110776040488e-40 4.95067411231010981e-41 4.84973733815428051e-42 5.29398411064712864e-43 6.51015482253093188e-44 9.11351745244652731e-45 1.46683602080706743e-45 2.73988354954266671e-46 5.99099890155758308e-47 1.54568868590438492e-47 4.73902878939351750e-48 1.73746011817647450e-48 7.65798777282691266e-49 4.07556568826347600e-49 2.62783294235776716e-49 2.05743487685334513e-49
 -5.32265293097249295e-06 -5.32254172004866628e-06 -5.32196080735687516e-06 -5.32025965217403338e-06 -5.31650378196305433e-06 -5.30948171149675178e-06 -5.29771592631622162e-06 -5.27947960723563043e-06 -5.25282142628206063e-06 -5.21560166412333793e-06 -5.16554407486795925e-06 -5.10030909640664788e-06 -5.01759445198971599e-06 -4.91526757532070953e-06 -4.79152884769514122e-06 -4.64509410094184472e-06 -4.47537036620750087e-06 -4.28258599314194556e-06 -4.06783452703643325e-06 -3.83300903911597220e-06 -3.58063755871873810e-06 -3.31366466574004143e-06 -3.03523861849157248e-06 -2.74854926694065234e-06 -2.45673028148346752e-06 -2.16281009002460063e-06 -1.86968372313368764e-06 -1.58008504429397769e-06 -1.29656035424179251e-06 -1.02147276309260004e-06 -7.57093466313492543e-07 -5.05847164937577569e-07 -2.70749238491795906e-07 -5.59658757337329959e-08 1.32781230138809791e-07 2.88511549919063294e-07 4.04631423853789853e-07 4.78054286363970381e-07 5.12382893080540073e-07 5.17874559693605726e-07 5.05521725069841996e-07 4.78490018460886354e-07 4.30928773471082248e-07 3.58910060330714943e-07 2.71197873874451940e-07 1.85395776357471312e-07 1.15594346136786815e-07 6.64082743990233872e-08 3.53969272639359916e-08 1.75454836364403182e-08 8.07787547271126490e-09 3.44429632115508610e-09 1.35555813249105252e-09 4.90819351435209406e-10 1.62998027292039952e-10 4.95107277992998681e-11 1.37221100198904904e-11 3.46309985639704365e-12 7.94582592117065919e-13 1.65561392862708060e-13 3.13089246293428480e-14 5.37345285711746602e-15 8.37455818954669338e-16 1.18662734282486328e-16 1.53150228801147484e-17 1.80499014665030221e-18 1.94891528048820803e-19 1.93547918083781652e-20 1.77619311985451286e-21 1.51439458353349576e-22 1.20694018051400749e-23 9.05284114569787650e-25 6.43852724597408925e-26 4.37748410335526895e-27 2.87013534900826814e-28 1.83178885135732625e-29 1.14929403054231583e-30 7.16252701780397315e-32 4.48189155696971279e-33 2.84743066418677916e-34 1.85782557619186329e-35 1.25943175816181042e-36 8.97597472030051187e-38 6.80568647657239636e-39 5.55498145476521889e-40 4.93861476678784437e-41 4.83780835425799652e-42 5.28083895537870093e-43 6.49384250706139878e-44 9.09048364088517973e-45 1.46309834191655541e-45 2.73284878479270923e-46 5.97550922821935347e-47 1.54166714518712402e-47 4.72663042869872450e-48 1.73289293166206547e-48 7.63777889252746188e-49 4.06477802915141364e-49 2.62086260545848831e-49 2.05197107795590155e-49
